players:
  7f029dae-2573-3921-aff8-978b9e6178e1:
    world: spawn
    x: -18.857647222737917
    y: 66.0
    z: 4.521771515125146
    yaw: 155.46033
    pitch: 25.07602
  fd342951-6e6b-3e81-81bc-f3ad00b8b875:
    world: spawnsurvi
    x: 0.4474539665630066
    y: 90.0
    z: 37.03857454983196
    yaw: 2.8718042
    pitch: -4.96037
  99237823-2eda-3f42-a2f6-6e14760fa4c6:
    world: spawn
    x: 0.5
    y: 70.0
    z: 0.5
    yaw: 88.58829
    pitch: 0.34553248
  7af2bca7-7083-34b2-9035-2d23a350635d:
    world: lobby
    x: 0.5
    y: 90.0
    z: 0.5
    yaw: -178.69992
    pitch: 0.026361104
