spawn:
  world: spawnsurvi
  x: 0.5000263077674605
  y: 90.0
  z: 0.46080000945925714
  yaw: 2.0885913
  pitch: 7.223022
